Community Area,2001,2002,2003,2004,2005,2006,2007,2008,2009,2010,2011,2012,2013,2014,2015,2016,2017,2018
1.0,56,6106,7684,7609,7530,7207,6807,6497,5960,5577,5121,4925,4430,3801,3586,3664,4135,1275
2.0,41,4048,5235,5758,5841,6052,5269,5470,5229,4884,4422,4029,3808,3411,3108,3280,3582,1244
3.0,72,6039,7522,7445,7543,6806,6395,6001,5188,5074,4777,4976,4288,3812,3657,3562,3552,1210
4.0,33,2616,3271,3358,3375,3285,2845,2784,2639,2560,2315,2338,2217,1897,1770,1986,1992,714
5.0,25,2411,3277,3134,2990,2822,2634,2593,2432,2062,1948,1920,1723,1540,1394,1399,1420,452
6.0,52,6587,8807,8654,7740,7842,8003,8215,7761,7459,7527,7696,6823,5697,5588,6076,5726,1937
7.0,57,6035,7948,7308,6618,6665,6915,6821,6118,5795,5283,5010,4480,4087,3760,4245,4464,1627
8.0,95,12546,15472,15759,14643,14222,13882,13513,12278,11594,11229,11286,10113,8988,9067,10553,12271,4638
9.0,4,323,427,400,461,437,419,473,386,305,369,323,298,243,258,305,273,98
10.0,11,1466,2086,1894,1748,1822,1780,2002,1714,1444,1447,1465,1230,1253,1276,1320,1096,427
11.0,18,1440,1868,1707,1610,1804,1621,1777,1509,1398,1300,1410,1336,1231,1156,1073,1056,418
12.0,6,618,841,775,873,786,745,798,752,695,605,600,443,461,450,574,545,173
13.0,18,1156,1474,1509,1600,1558,1502,1542,1311,1188,1116,1082,917,872,843,974,964,372
14.0,39,3201,4434,3801,3920,4093,3706,3821,3582,3547,3097,2945,2689,2400,2533,2413,2469,917
15.0,51,4651,6508,5929,5855,5445,5345,5732,5294,4639,4391,4160,3973,3388,3449,3241,3359,1217
16.0,51,4192,5495,5160,5163,5068,4707,4909,4661,4529,4309,3937,3490,2847,3018,2988,2999,1078
17.0,30,2298,3078,2801,2653,2487,2693,2943,2696,2350,2159,1930,1831,1568,1660,1753,1511,518
18.0,11,924,1287,1036,1006,1004,1063,1018,1098,899,851,781,634,525,587,670,608,211
19.0,96,6399,8599,8145,8367,7883,8036,8056,8318,7588,6872,6367,5708,4965,4832,4769,4586,1659
20.0,33,2105,3092,2842,2641,2741,2629,2486,2472,2416,2062,2051,1965,1789,1732,1552,1502,513
21.0,59,3607,4805,4827,4356,4168,3886,3950,3875,3744,3373,3276,2674,2369,2261,2283,2339,888
22.0,131,8918,11366,10652,9436,9601,9195,8929,8694,8167,7332,6795,5855,5100,4803,5460,5048,1682
23.0,228,11236,15493,14541,14800,13714,13056,13265,12773,11829,11153,11212,10256,9216,8186,8010,8041,2794
24.0,122,12341,15388,14156,12866,13014,12342,12729,11794,11361,10139,9686,8211,7340,7076,8241,8296,2438
25.0,282,21112,30835,29487,28376,28896,28536,27260,26037,24296,22717,21346,20231,18769,17350,16703,15336,5500
26.0,108,5595,7420,7880,8428,8414,7936,7427,6396,6377,6282,6674,6676,6206,6020,5774,5356,2036
27.0,112,6358,9179,9191,8317,8616,8412,7924,7169,6960,6412,6187,6274,5796,5443,5027,4741,1805
28.0,101,10853,15807,14768,13213,12147,11614,11590,10363,9809,9668,9416,8507,7895,7935,9457,9022,3212
29.0,147,8719,12348,13369,12737,12079,11347,11412,10426,10852,10009,10390,9790,8699,8388,8773,9021,3256
30.0,78,5917,7546,7892,7519,7438,7701,7343,6327,6290,6019,5778,5108,4767,4448,4689,4516,1551
31.0,43,3546,5000,4762,4230,4336,4307,4072,3652,3493,3447,3295,3076,2706,2528,2618,2618,809
32.0,86,7292,9571,9307,8953,8731,8715,8732,8067,7840,7605,7774,7787,7292,7590,9022,10596,3972
33.0,36,2744,3984,4357,4701,4435,3648,3866,2269,1999,1767,1863,1812,1778,1879,1939,1923,650
34.0,15,1356,1725,1652,1704,1631,1223,1354,1240,1368,1442,1539,1293,1224,1083,1011,1020,331
35.0,40,5346,6517,6846,6843,6181,5468,4227,3174,2932,2699,2772,2788,2561,2519,2607,2611,972
36.0,8,868,893,904,880,801,944,960,857,860,794,771,712,643,632,698,674,226
37.0,8,1295,1937,1521,1392,1521,1418,1405,1159,1215,1189,1225,1077,931,842,925,879,295
38.0,54,6553,8571,7655,6404,6022,5347,5388,5299,4682,4740,4119,3997,3494,3145,3293,3432,1194
39.0,24,2020,2936,2738,2907,2359,2455,2334,2318,2298,2074,1794,1593,1498,1366,1408,1521,544
40.0,28,3801,5243,5239,5183,5193,4478,4233,4235,4053,4008,3469,3371,2938,2765,2701,2716,1033
41.0,33,2559,3307,3248,3286,2681,2601,2244,2101,2237,2161,1920,1666,1418,1513,1760,1713,680
42.0,49,5816,8059,8119,7873,7893,8021,7140,6887,6486,5708,5403,4750,4180,3746,3612,3831,1253
43.0,116,10835,14629,14375,14426,14835,14273,14251,13066,12324,12089,11613,10583,9277,9076,8176,8639,3057
44.0,76,6684,9369,9464,9651,9109,9643,9245,8348,7513,7304,7237,7155,6271,6034,6241,6391,2243
45.0,13,1638,2298,2393,2384,2317,2257,2333,2017,1831,1958,1805,1641,1502,1386,1308,1277,399
46.0,77,6041,8380,8883,8286,8966,8842,8018,7597,6781,6768,6543,5829,5242,5082,4786,4551,1548
47.0,6,470,681,735,715,668,735,744,609,459,456,536,471,402,389,398,366,136
48.0,24,1758,2463,2552,2339,2359,2349,2294,2111,2098,2220,1923,1614,1588,1482,1410,1361,427
49.0,84,8800,11688,11808,11675,12273,12618,12284,11326,10379,9919,9026,8157,7379,6628,6872,6930,2450
50.0,18,1358,2010,1920,1820,1691,1952,1702,1487,1375,1191,1262,1149,1220,1047,1207,1092,428
51.0,25,2129,2875,2636,2524,2571,2740,2694,2578,2622,2511,2293,2186,2253,1922,1886,1751,604
52.0,13,1719,2557,2408,2291,2203,2099,2173,2091,1854,1871,1746,1499,1387,1316,1331,1210,450
53.0,55,5540,7291,7888,7939,7661,8049,7139,6755,5977,5907,5749,5151,4371,4003,3882,3981,1492
54.0,14,1995,2346,2258,2008,1619,1529,1397,1402,1396,1531,1586,1493,1385,1186,1275,1349,495
55.0,10,722,1066,1003,928,965,859,971,819,765,822,739,716,626,515,584,670,214
56.0,40,3620,4467,4521,4107,4214,3992,3658,3278,2589,2555,2468,2109,1930,1853,2104,1923,716
57.0,14,1163,1632,1619,1614,1648,1731,1584,1651,1356,1286,1195,1200,1056,996,879,842,270
58.0,46,3380,4886,4723,4439,4647,4213,4175,3891,3532,3712,3191,2895,2911,2757,2631,2208,751
59.0,17,1590,2084,2080,1908,2003,1788,1795,1759,1485,1429,1339,1278,1058,1083,1038,1050,317
60.0,22,2422,3241,3127,3131,2975,2608,2659,2543,2448,2329,2167,1891,1802,1614,1694,1504,570
61.0,73,7813,10822,10118,9648,10063,9725,8974,8199,7739,7732,6814,5998,5261,4986,4926,4634,1495
62.0,11,1359,1797,1714,1620,1744,1684,1727,1621,1395,1487,1368,1292,1015,1036,1096,1013,373
63.0,43,3090,4272,3901,4327,4104,3918,3971,3947,3945,3740,3239,2826,2624,2364,2352,2294,785
64.0,25,1452,1948,1912,1822,1824,1931,1908,1661,1399,1339,1278,1116,1000,937,966,892,345
65.0,30,2677,3534,3560,3233,3558,3209,3274,3098,2770,2681,2448,2252,2104,2052,2139,1864,698
66.0,83,8135,11204,10976,11517,11738,11335,11267,10456,10517,9963,8592,7293,6482,6213,5824,5735,2058
67.0,83,10186,13919,14120,13674,13710,13561,13540,11528,11223,10823,9985,9015,7604,7529,6990,6928,2458
68.0,103,9544,12546,12959,12197,12312,12395,12439,10721,10164,9329,9093,8200,7108,7236,6280,5915,2160
69.0,82,7910,10905,11592,11207,10969,11283,10501,9695,9371,8925,8724,7729,6749,6767,6597,6462,2268
70.0,38,3003,3815,3962,4029,4305,4234,4315,3738,3473,3136,2825,2814,2569,2313,2725,2493,786
71.0,96,8977,12300,13148,12818,12155,13327,12888,11769,10666,10264,9418,8577,7987,7837,7589,7506,2574
72.0,19,1447,1721,1743,1744,1529,1553,1656,1407,1286,1238,1205,1021,902,988,984,890,326
73.0,45,4012,5084,5334,5336,5555,5412,5025,4720,4549,4159,3963,3907,3195,3162,3208,3072,1200
74.0,10,831,1129,1097,1046,952,963,944,895,916,727,707,626,671,617,610,584,191
75.0,25,2768,3575,3635,3563,3639,3655,3460,3372,3160,2909,2711,2493,2148,2081,1990,2103,805
76.0,33,1731,2218,2095,2076,2519,2466,2356,2132,1894,1938,1832,2133,2013,1733,1795,1677,591
77.0,48,3771,4787,4897,5015,4723,4246,4168,3613,3672,3338,3276,2715,2330,2256,2385,2629,899
